199.430544 251.634006
197.691762 237.264115
237.654415 227.768707
237.467097 169.142057
212.521825 122.431614
271.756728 98.537208
316.438226 94.956391
366.869957 75.533851
403.843208 45.935560
450.808356 93.152756
493.855826 96.300415
555.704471 104.659664
573.958318 149.709170
541.340377 211.376810
601.122774 236.093029
577.367747 284.378699
592.159745 357.396960
557.192836 360.654867
552.694646 328.075121
493.557085 327.607657
450.752268 327.970169
400.786681 355.445244
350.263590 330.126286
307.533296 326.630725
246.272438 328.418093
233.203855 351.080677
209.916464 359.816482
203.585162 317.730845
215.794318 271.693120
202.555751 262.811983
