108 136
108 126
114 118
123 113
132 108
142 104
152 102
162 98
172 96
182 92
192 90
202 88
211 83
220 78
229 73
238 66
246 54
256 54
265 59
273 66
281 72
291 76
299 82
305 90
315 92
325 94
335 96
345 100
355 102
365 106
375 110
384 115
392 121
395 131
393 144
387 152
387 162
387 172
394 180
404 184
412 190
420 196
429 201
435 209
444 214
454 212
464 212
474 212
482 206
490 200
500 196
510 192
519 187
529 186
538 191
547 196
557 200
567 204
575 210
585 212
595 212
605 214
615 214
625 216
635 218
645 220
655 222
665 226
675 230
683 236
689 244
687 258
679 266
679 276
677 290
677 300
677 310
678 320
682 330
683 340
679 350
683 360
673 363
668 354
668 344
667 332
658 327
648 327
638 329
628 333
618 335
611 327
601 325
591 326
581 329
571 333
561 337
551 341
541 344
531 345
521 345
511 343
501 341
491 337
481 333
471 329
461 325
451 325
441 329
433 335
423 331
413 329
403 327
393 330
395 340
391 350
393 361
383 361
373 363
368 354
366 344
366 334
366 324
356 323
346 323
336 323
326 323
316 323
306 323
296 323
286 323
276 323
266 323
256 323
246 323
236 323
226 323
216 323
206 323
196 323
186 323
176 323
166 323
156 323
146 322
136 321
126 321
127 331
127 341
124 351
123 361
113 360
112 350
112 340
110 330
110 320
110 310
108 300
108 290
108 280
110 266
110 256
110 246
112 230
114 212
116 196
116 186
116 176
114 166
114 156
111 146
