130 104
130 94
138 88
146 78
154 72
164 70
174 66
183 61
193 58
202 50
202 40
210 30
215 21
225 22
234 27
243 32
251 38
259 44
266 52
276 54
285 49
295 50
303 56
309 64
315 72
319 82
329 83
337 77
345 71
354 66
364 64
367 80
365 90
365 100
365 110
366 120
368 130
364 143
354 141
344 137
336 131
329 123
319 120
319 130
315 142
307 153
297 153
287 149
277 145
267 147
257 147
247 148
251 158
255 168
255 178
245 185
237 179
229 173
221 166
216 177
208 185
198 185
194 175
192 165
191 155
183 149
175 143
165 139
155 135
146 130
140 122
135 113
