92 74
92 64
94 50
98 34
102 24
112 20
122 20
132 20
142 22
147 31
144 45
139 54
139 64
137 74
135 84
133 96
133 106
133 116
133 126
133 136
133 146
133 156
133 166
136 176
141 185
143 195
143 205
143 215
143 225
143 235
143 245
143 255
143 265
143 275
141 290
141 300
141 310
141 320
143 330
143 340
143 350
139 365
129 365
119 365
109 365
100 360
100 350
102 332
102 322
102 312
102 302
102 292
102 282
102 272
102 262
102 252
102 242
102 232
102 222
102 212
102 202
102 192
102 182
108 172
110 162
110 152
112 137
112 127
110 117
110 107
110 97
108 87
100 81
