47.10000000 5.20000000
44.70000000 16.80000000
40.90000000 28.60000000
31.90000000 42.30000000
26.80000000 48.30000000
21.70000000 52.60000000
18.60000000 55.80000000
12.70000000 69.40000000
13.00000000 80.10000000
20.50000000 90.70000000
30.60000000 95.40000000
38.10000000 95.70000000
44.70000000 93.70000000
46.80000000 89.10000000
48.00000000 84.30000000
48.60000000 77.50000000
49.80000000 70.90000000
52.20000000 79.00000000
53.10000000 83.70000000
53.80000000 87.90000000
55.30000000 90.90000000
58.80000000 93.10000000
63.40000000 93.60000000
73.30000000 93.00000000
80.10000000 89.20000000
85.90000000 85.00000000
88.30000000 76.50000000
84.40000000 64.60000000
70.50000000 49.00000000
61.20000000 38.10000000
51.40000000 27.30000000
49.00000000 22.20000000
49.00000000 16.60000000
47.80000000 10.60000000
