200 252
200 242
208 234
218 230
228 226
232 212
234 198
234 188
234 178
232 168
232 158
229 148
223 140
222 130
227 121
236 116
245 111
255 108
265 104
275 101
285 98
295 96
305 94
315 92
325 90
335 89
345 85
353 78
363 75
373 72
381 65
388 56
398 54
407 59
415 65
423 72
433 76
443 80
451 86
461 90
471 92
481 94
491 96
501 98
511 100
521 102
531 106
541 108
551 112
560 117
567 125
567 142
561 152
561 162
559 172
559 182
559 192
559 202
561 212
561 222
569 228
579 230
587 236
593 244
593 256
585 266
585 276
583 292
583 302
583 312
585 322
587 332
584 351
581 363
572 358
569 340
565 350
562 363
554 356
554 346
554 336
549 327
539 329
529 331
519 333
509 333
501 327
491 325
481 325
471 327
461 330
451 333
441 337
431 340
421 343
411 345
401 345
391 345
381 343
371 341
361 339
351 335
341 331
331 329
321 325
311 325
301 326
291 330
281 335
271 331
261 329
251 327
241 328
239 338
239 348
237 360
227 360
223 332
223 342
221 352
214 363
206 356
206 342
206 332
208 322
210 311
210 301
210 291
210 281
208 271
203 262
