66 110
62 122
70 129
80 129
89 124
97 130
107 129
117 126
127 123
137 120
146 115
156 111
166 110
164 120
164 130
164 140
164 150
164 160
164 170
164 180
164 190
164 200
166 210
168 220
170 230
171 240
172 250
174 260
174 270
183 275
193 275
203 274
213 273
207 264
197 262
187 260
185 250
183 240
181 230
180 220
179 210
177 200
177 190
177 180
179 170
183 154
185 144
189 126
191 114
193 100
199 92
207 84
215 78
225 77
228 87
230 97
234 107
242 113
252 115
262 113
270 105
275 90
274 80
273 70
282 65
290 71
300 75
310 79
318 86
326 92
336 86
330 78
324 70
318 62
315 52
309 44
299 40
289 38
279 38
269 40
261 47
255 55
249 65
245 55
242 45
236 37
228 30
218 26
208 22
198 20
188 20
178 20
168 20
158 24
148 28
139 33
130 38
122 46
114 52
106 60
98 68
90 76
82 84
76 92
71 101
