73 105
81 111
88 119
96 126
105 131
115 135
125 139
135 143
145 147
155 149
165 151
175 153
180 162
186 170
193 178
202 183
212 187
221 180
226 171
227 159
224 149
234 149
244 147
254 147
264 147
274 147
284 145
294 145
304 147
314 151
324 153
334 153
344 149
349 140
353 130
353 120
363 119
373 123
382 128
391 133
401 137
411 141
421 143
431 140
429 130
427 120
425 110
425 100
425 90
429 78
433 66
423 64
413 66
403 69
393 73
384 78
374 82
364 86
354 82
348 74
341 66
333 60
325 54
317 48
307 48
297 52
287 55
277 55
268 50
261 42
251 38
241 34
231 30
221 26
211 22
201 24
191 25
186 34
176 38
175 55
165 57
155 59
145 62
135 65
125 69
115 73
105 77
95 81
85 85
76 90
68 96
