56 62
52 72
66 63
74 55
84 51
94 47
98 57
100 67
104 77
106 87
106 97
108 107
108 117
108 127
108 137
108 147
108 157
106 168
98 182
96 198
96 208
96 218
96 228
96 238
96 248
96 258
96 268
96 278
96 288
96 298
96 308
96 318
94 336
94 346
92 358
100 365
110 365
120 365
130 365
140 365
148 358
147 348
147 338
145 328
145 318
145 308
145 298
145 288
145 278
145 268
145 258
145 248
145 238
145 228
145 218
145 208
145 198
143 188
137 180
135 170
133 160
133 150
133 140
133 130
133 120
133 110
133 100
135 86
139 74
141 62
143 50
152 45
162 45
171 50
181 51
187 35
187 25
178 20
168 22
158 24
148 24
138 20
128 20
118 20
108 20
98 20
89 25
81 31
73 37
67 45
61 53
