54 262
54 252
64 248
74 248
84 248
94 248
104 248
114 248
124 248
134 248
144 248
154 248
164 248
172 235
165 227
155 227
145 227
135 227
125 227
115 227
105 227
95 227
85 227
75 227
70 218
80 218
90 218
100 218
110 218
120 218
130 218
140 218
150 218
160 218
170 218
172 205
168 195
158 195
148 195
138 195
128 195
118 195
108 195
98 195
88 195
78 195
70 188
83 186
93 186
103 186
113 186
123 186
133 186
143 186
153 186
163 186
172 178
172 168
172 158
163 153
153 153
143 153
133 153
123 153
113 153
103 153
93 153
83 153
78 144
78 134
78 124
78 114
78 104
78 94
78 84
78 74
78 64
78 54
78 44
78 34
78 24
88 20
98 20
108 20
118 20
128 20
138 20
148 20
158 20
168 20
178 20
188 20
198 20
208 20
218 20
228 20
238 20
248 20
258 20
268 20
278 20
288 20
298 20
308 20
318 21
319 31
319 41
319 51
319 61
319 71
319 81
319 91
319 101
319 111
319 121
319 131
319 141
319 151
309 153
299 153
289 153
279 153
269 153
259 153
249 153
239 153
229 154
229 164
229 174
229 184
239 186
249 186
259 186
269 186
279 186
289 186
299 186
309 186
319 186
324 195
314 195
304 195
294 195
284 195
274 195
264 195
254 195
244 195
229 196
229 206
229 216
239 218
249 218
259 218
269 218
279 218
289 218
299 218
309 218
319 218
329 218
324 227
314 227
304 227
294 227
284 227
274 227
264 227
254 227
244 227
229 228
229 238
230 248
240 248
250 248
260 248
270 248
280 248
290 248
300 248
310 248
320 248
330 248
340 248
345 257
340 271
330 270
320 269
310 269
300 269
290 269
280 269
270 269
260 269
250 269
240 269
230 269
220 269
210 269
200 269
190 269
180 269
170 269
160 269
150 269
140 269
130 269
120 269
110 269
100 269
90 269
80 269
70 271
60 270
