84 102
84 92
86 80
90 68
94 58
100 50
108 42
116 36
126 32
136 30
144 37
154 40
164 40
174 40
184 40
194 40
204 40
213 35
222 30
232 33
241 38
249 44
255 52
261 60
264 70
267 80
269 90
271 100
271 110
271 120
269 134
267 150
263 166
259 180
259 190
259 200
260 210
261 220
261 230
261 240
266 257
261 266
257 280
252 291
247 300
241 308
235 318
229 326
223 336
219 346
215 356
211 372
207 388
207 398
213 406
218 415
225 423
229 438
221 444
211 446
201 447
191 447
181 447
171 447
161 447
151 447
141 445
131 444
123 438
122 428
130 422
136 414
141 405
147 397
146 387
142 377
140 367
138 357
134 347
130 337
125 328
120 319
114 311
108 303
103 294
98 285
94 275
91 265
86 256
86 246
92 236
92 226
92 216
94 206
94 196
94 186
92 172
89 162
86 152
85 142
84 132
84 122
84 112
