# Predicted Controls (Model: best_model.pth)
97.450816 142.482542
117.724574 112.845457
156.357458 96.293164
205.871675 55.965421
265.702624 81.630813
335.275364 92.752505
370.967994 144.691982
397.416198 193.795182
440.207078 213.012738
515.217044 186.164885
598.001624 212.942652
668.968153 231.016088
704.593738 260.733300
676.660090 323.430372
659.619498 369.631584
609.260370 330.206470
529.344117 328.508099
453.656624 344.520974
398.832057 329.862380
361.590963 326.478215
300.312773 329.363030
217.025815 276.587049
139.814210 295.607797
101.249459 325.328321
97.183746 318.926090
92.364678 274.419063
111.679399 279.036875
124.815226 224.203342
125.314611 164.661553
113.195631 129.870030
