# Predicted Controls (Model: best_model.pth)
83.215411 111.136629
88.247993 131.326183
113.900641 131.046837
146.694516 109.473913
158.764556 126.789745
162.427448 167.752030
164.907282 208.185763
169.461666 247.107683
180.078093 278.746554
222.077120 274.809721
208.975437 259.550396
193.959637 226.447504
191.697515 189.873824
195.262321 150.630960
209.456554 105.383161
226.271270 82.454731
249.290032 96.841134
281.467661 101.947619
292.000658 68.687817
307.981366 65.712261
308.789968 73.957573
283.774734 41.435120
249.554636 31.165630
215.715140 40.289462
195.855165 29.690873
157.857758 20.702828
128.756656 42.229703
112.268293 60.076173
102.753327 76.819019
87.565121 105.429717
