# Predicted Controls (Model: best_model.pth)
126.188467 105.689400
131.041916 92.180408
142.384809 78.483851
168.342477 69.770956
191.533650 57.666084
206.136567 24.454569
224.410128 24.689337
252.175266 40.843701
272.127930 52.088665
303.429836 56.045731
319.888402 73.584305
339.083792 82.897301
363.411639 67.168379
370.062310 85.931486
364.743095 117.444483
365.700681 136.242990
337.566344 139.471890
321.998912 122.854985
308.178758 143.548081
283.984835 154.918920
262.169172 149.121997
238.799811 156.490912
245.795430 177.220719
224.683009 184.529980
207.510766 168.698482
187.371243 178.786514
178.534521 150.766869
160.381384 132.457795
144.844341 131.060102
130.417507 112.538837
