# Predicted Controls (Model: best_model.pth)
20.597622 262.316335
22.089492 244.368212
33.606393 228.105476
37.205228 200.450143
31.418131 178.379908
54.046983 162.890320
72.480458 158.336501
74.495862 128.869565
74.956918 102.574252
77.086772 58.724230
69.323687 42.702581
74.173984 21.507376
91.294114 44.167262
90.709791 93.634350
89.794162 133.845699
91.996146 160.523356
101.523205 167.796965
113.539274 179.022511
118.266598 210.926834
128.520329 231.194095
139.191954 246.683594
121.439297 266.539066
112.544292 264.771670
106.853812 273.391753
99.369614 288.883678
75.298124 302.591822
56.259436 300.127984
40.980483 298.292717
30.335615 292.864120
19.832265 270.037253
