# Predicted Controls (Model: best_model.pth)
90.545106 75.970966
90.022145 52.850525
92.259290 26.908302
120.421446 23.654980
135.917710 33.786686
130.520498 61.936294
132.953818 72.478236
140.187825 77.149693
144.814176 61.973311
138.262413 74.326726
134.355821 87.607686
133.778686 123.801669
140.409290 178.633847
143.194075 218.346259
141.743870 261.997797
141.420106 311.894144
143.860184 342.402736
131.703769 371.553643
113.311254 370.556230
105.924059 342.889795
103.596197 338.826720
101.086022 329.707769
100.231315 308.770783
101.124825 252.374328
101.790641 215.453081
103.727291 169.040853
111.569798 129.078419
112.374824 103.151162
110.318724 106.082053
99.426925 83.536111
