# Predicted Controls (Model: best_model.pth)
158.958407 257.126275
161.038792 240.214943
165.304822 210.755729
164.973017 185.132646
164.836986 154.100727
163.560733 126.238864
165.253117 110.161443
173.353114 95.355262
194.720636 65.706418
200.431961 43.683506
200.882922 24.238064
217.825675 22.911157
231.919176 36.439452
231.387790 63.282870
231.660643 89.787631
239.214451 125.474218
239.296484 152.388129
234.110596 189.139330
233.730379 216.580608
230.427604 232.007197
225.229138 236.457670
224.117396 242.752628
202.831763 236.720325
204.648165 206.502098
202.496475 209.808021
195.062618 221.855599
195.218158 235.980384
193.286422 245.735400
194.618332 263.131187
167.971335 260.817625
