# Predicted Controls (Model: best_model.pth)
46.480664 5.880849
45.388887 17.319083
42.639083 27.670058
34.949681 40.690327
29.736629 47.570964
26.210147 50.405581
21.614007 53.099944
11.878277 67.856709
14.841429 88.876828
23.470658 94.823001
30.351831 96.148530
37.193556 95.197857
41.782154 91.753196
45.527165 87.352773
47.802540 78.317467
52.718996 79.990747
55.839022 87.425854
59.080537 92.285618
62.749639 91.496787
70.352733 89.750843
76.157012 87.134208
81.759644 87.722434
88.267608 82.745058
86.471863 76.623345
79.476050 64.092271
66.649675 48.539743
58.476446 37.483906
48.365731 25.659110
47.514858 21.465137
47.065080 10.822643
