# Predicted Controls (Model: best_model.pth)
32.264670 49.670774
27.053279 75.539664
41.271891 79.040232
55.973023 83.518424
69.960031 99.420762
95.122385 107.649976
97.607427 129.750809
98.187615 157.976853
97.594854 184.502963
93.623829 213.672596
104.392266 228.641166
127.609366 220.679527
143.249892 207.465411
138.946717 170.404308
139.067593 137.722810
146.211528 109.983926
158.244108 93.367062
162.677662 79.873801
151.305598 70.526426
123.421295 66.703031
125.842373 59.821249
105.726440 62.127344
86.651307 62.656169
87.821463 44.484392
85.274571 38.389646
68.933045 45.789913
77.429079 29.486328
58.811762 21.855692
54.710466 36.936145
41.814069 52.172873
